1305031453.369500 1.313700 0.848600 1.519200 0.886200 0.232600 -0.089300 -0.390600
1305031453.409500 1.323700 0.839900 1.521700 0.888300 0.219600 -0.090500 -0.393000
1305031453.439500 1.332000 0.832500 1.524400 0.889200 0.210600 -0.089000 -0.396300
1305031453.469500 1.339900 0.824600 1.527600 0.889900 0.200000 -0.087900 -0.400500
1305031453.509500 1.350600 0.812900 1.532300 0.889000 0.187700 -0.088600 -0.408200
1305031453.539500 1.357900 0.802800 1.536200 0.888200 0.180400 -0.090000 -0.412900
1305031453.569500 1.365000 0.791900 1.540500 0.886300 0.175100 -0.091400 -0.418800
1305031453.609500 1.373100 0.776000 1.546200 0.884200 0.169200 -0.093300 -0.425200
1305031453.639500 1.377500 0.763100 1.550200 0.880500 0.170000 -0.097300 -0.431700
1305031453.669500 1.380900 0.749100 1.553700 0.876100 0.174100 -0.101700 -0.438000
1305031453.709500 1.384200 0.729100 1.558200 0.872500 0.179900 -0.106400 -0.441700
1305031453.739500 1.385600 0.713600 1.561300 0.869400 0.188600 -0.110300 -0.443200
1305031453.769500 1.385900 0.698500 1.564100 0.864500 0.197500 -0.116700 -0.447200
1305031453.809500 1.385300 0.678600 1.567700 0.860200 0.207400 -0.121800 -0.449600
1305031453.839400 1.383100 0.664300 1.570100 0.856300 0.217100 -0.128400 -0.450700
1305031453.869400 1.380700 0.650400 1.572400 0.853600 0.228700 -0.137800 -0.447400
1305031453.909500 1.375600 0.632900 1.575100 0.850900 0.242700 -0.152900 -0.440200
1305031453.939400 1.370300 0.620700 1.576900 0.848400 0.253200 -0.164500 -0.434900
1305031453.969500 1.364700 0.608900 1.578800 0.846000 0.266800 -0.169900 -0.429200
1305031453.999500 1.357900 0.597600 1.580900 0.841800 0.278000 -0.174500 -0.428600
1305031454.039500 1.349100 0.583400 1.582600 0.834800 0.293100 -0.183200 -0.428500
1305031454.069500 1.341100 0.573700 1.583200 0.828700 0.307000 -0.187600 -0.428800
1305031454.109500 1.330000 0.560800 1.584400 0.820700 0.326900 -0.193100 -0.427000
1305031454.139400 1.321100 0.551800 1.584800 0.813300 0.341400 -0.200300 -0.426400
1305031454.169400 1.312500 0.542900 1.584700 0.807900 0.356400 -0.207100 -0.421200
1305031454.209500 1.300800 0.531400 1.584900 0.796700 0.380400 -0.216800 -0.416600
1305031454.239500 1.293300 0.522700 1.585000 0.786500 0.396800 -0.222700 -0.417600
1305031454.269500 1.286200 0.515200 1.584800 0.780200 0.408200 -0.225100 -0.417100
1305031454.309600 1.276900 0.505200 1.583600 0.772600 0.426000 -0.225800 -0.413000
1305031454.339500 1.270700 0.497800 1.583200 0.761400 0.440900 -0.230700 -0.415500
1305031454.369500 1.264800 0.491000 1.581900 0.753100 0.450400 -0.235300 -0.417800
1305031454.399500 1.260000 0.484200 1.580900 0.746000 0.463800 -0.235900 -0.415700
1305031454.439500 1.254400 0.475000 1.578400 0.731100 0.483900 -0.243500 -0.414700
1305031454.469500 1.251300 0.467900 1.576100 0.723300 0.495700 -0.242600 -0.415100
1305031454.499500 1.249200 0.460900 1.573300 0.713400 0.510000 -0.240800 -0.415900
1305031454.539500 1.247800 0.452100 1.568700 0.705300 0.525800 -0.238900 -0.411000
1305031454.569500 1.247700 0.445900 1.565000 0.697600 0.540800 -0.237900 -0.405300
1305031454.599500 1.249200 0.439700 1.560500 0.686900 0.556400 -0.241100 -0.400600
1305031454.639400 1.252100 0.433400 1.554800 0.676100 0.572000 -0.248800 -0.392100
1305031454.669500 1.255200 0.429600 1.549900 0.671500 0.580700 -0.255600 -0.382700
1305031454.699500 1.259600 0.426200 1.545000 0.664600 0.590700 -0.263300 -0.374200
1305031454.739400 1.266500 0.422900 1.538700 0.661900 0.594100 -0.273400 -0.366500
1305031454.769500 1.272600 0.421100 1.533800 0.666700 0.590600 -0.276900 -0.360600
1305031454.799500 1.278700 0.419100 1.528800 0.670900 0.586100 -0.280800 -0.357100
1305031454.839500 1.287000 0.415500 1.521800 0.678800 0.579400 -0.281900 -0.352200
1305031454.869400 1.292800 0.412100 1.516300 0.685800 0.573000 -0.280000 -0.350600
1305031454.899500 1.298200 0.407600 1.511000 0.692200 0.566500 -0.278000 -0.350300
1305031454.939400 1.304800 0.400000 1.504100 0.700500 0.558900 -0.273700 -0.349400
1305031454.969500 1.308800 0.392900 1.499100 0.705400 0.552900 -0.272600 -0.349800
1305031455.009800 1.313600 0.381600 1.493000 0.709300 0.548600 -0.272100 -0.349300
1305031455.039500 1.315600 0.372000 1.488300 0.711800 0.546300 -0.270300 -0.349100
1305031455.069500 1.317300 0.361300 1.484400 0.714400 0.543300 -0.266500 -0.351400
1305031455.109600 1.317100 0.346100 1.478900 0.714000 0.540600 -0.264600 -0.357600
1305031455.139500 1.316100 0.334500 1.475000 0.717300 0.536700 -0.261200 -0.359500
1305031455.169500 1.314300 0.322400 1.471200 0.722100 0.532300 -0.258200 -0.358500
1305031455.209500 1.310400 0.306500 1.466800 0.728600 0.525500 -0.255400 -0.357400
1305031455.239500 1.306900 0.294800 1.464000 0.732400 0.520200 -0.253600 -0.358800
1305031455.269400 1.302500 0.283700 1.461000 0.739100 0.514600 -0.250000 -0.355500
1305031455.309400 1.296600 0.267900 1.457400 0.750000 0.501200 -0.250200 -0.351700
1305031455.339400 1.291200 0.256200 1.455500 0.756600 0.495900 -0.249900 -0.345200
1305031455.369400 1.285900 0.244600 1.454000 0.765200 0.490400 -0.244000 -0.338400
1305031455.409500 1.278500 0.228900 1.453900 0.777100 0.478100 -0.237400 -0.333400
1305031455.439500 1.272700 0.216300 1.455200 0.784500 0.470500 -0.233800 -0.329500
1305031455.469400 1.266200 0.203500 1.457100 0.789800 0.462900 -0.233200 -0.328100
1305031455.509500 1.256300 0.185700 1.460700 0.799400 0.448500 -0.232600 -0.325000
1305031455.539500 1.248100 0.171400 1.464800 0.804600 0.438500 -0.235500 -0.323900
1305031455.569400 1.239500 0.156300 1.469700 0.810700 0.428600 -0.238900 -0.319200
1305031455.609500 1.226200 0.136300 1.477500 0.819700 0.413900 -0.241100 -0.314200
1305031455.639400 1.215600 0.121300 1.484400 0.822700 0.405600 -0.241300 -0.316900
1305031455.669400 1.205100 0.106200 1.492100 0.822400 0.403100 -0.240600 -0.321300
1305031455.709600 1.191400 0.086600 1.503500 0.821700 0.405500 -0.234500 -0.324600
1305031455.739400 1.181600 0.072800 1.512900 0.821700 0.406900 -0.228100 -0.327400
1305031455.769500 1.171400 0.060200 1.522700 0.821900 0.404900 -0.224000 -0.332200
1305031455.809400 1.159600 0.043500 1.537000 0.822800 0.402400 -0.219200 -0.336200
1305031455.839400 1.150800 0.031600 1.547600 0.822800 0.402000 -0.217400 -0.337900
1305031455.869400 1.142800 0.020400 1.558300 0.823700 0.401900 -0.213300 -0.338300
1305031455.909800 1.131700 0.006400 1.571500 0.825200 0.400200 -0.208600 -0.339800
1305031455.939400 1.123700 -0.003800 1.581100 0.825900 0.400400 -0.203700 -0.340800
1305031455.969400 1.115200 -0.013400 1.589700 0.826800 0.400700 -0.198500 -0.341100
1305031456.009400 1.103800 -0.025300 1.600000 0.829400 0.401800 -0.188200 -0.339400
1305031456.039400 1.094900 -0.034000 1.607000 0.831800 0.406600 -0.177000 -0.333800
1305031456.069500 1.085800 -0.042200 1.613600 0.832900 0.411200 -0.168600 -0.329800
1305031456.109500 1.073100 -0.051700 1.622100 0.833800 0.411500 -0.161500 -0.330600
1305031456.139400 1.063500 -0.058200 1.628000 0.835600 0.409700 -0.156100 -0.330900
1305031456.169400 1.053800 -0.063800 1.633800 0.836600 0.406200 -0.150600 -0.335200
1305031456.209400 1.040400 -0.069800 1.640100 0.838500 0.398000 -0.143100 -0.343500
1305031456.239400 1.029700 -0.073800 1.643400 0.841900 0.392200 -0.134200 -0.345600
1305031456.279600 1.015400 -0.077900 1.647200 0.845100 0.383600 -0.123700 -0.351200
1305031456.339500 0.992500 -0.082900 1.650000 0.849400 0.364900 -0.112500 -0.364400
1305031456.379400 0.976700 -0.085600 1.649100 0.853400 0.355100 -0.100300 -0.368200
1305031456.439400 0.951200 -0.089500 1.644700 0.856000 0.339400 -0.090200 -0.379300
1305031456.479500 0.933000 -0.092200 1.637900 0.861200 0.333900 -0.088400 -0.372900
1305031456.539400 0.904800 -0.095500 1.625700 0.867700 0.326200 -0.089700 -0.364100
1305031456.579500 0.886000 -0.097600 1.617100 0.870200 0.317000 -0.088300 -0.366600
1305031456.639400 0.858900 -0.099800 1.601100 0.883800 0.304900 -0.074800 -0.347000
1305031456.679500 0.841800 -0.101200 1.591400 0.886600 0.293300 -0.074400 -0.349700
1305031456.739400 0.817400 -0.103800 1.575000 0.894800 0.280300 -0.077300 -0.338700
1305031456.779400 0.800800 -0.105600 1.564300 0.894400 0.275200 -0.088300 -0.341400
1305031456.839500 0.776200 -0.108400 1.546900 0.901100 0.262700 -0.093700 -0.331900
1305031456.879400 0.760200 -0.110800 1.535600 0.904000 0.255700 -0.091300 -0.330200
1305031456.939400 0.736900 -0.115500 1.519900 0.906300 0.240600 -0.085800 -0.336700
1305031456.979400 0.721700 -0.120200 1.510100 0.910700 0.236300 -0.078800 -0.329400
1305031457.009500 0.710700 -0.124300 1.504600 0.911900 0.232700 -0.075200 -0.329600
1305031457.039500 0.700100 -0.128800 1.500100 0.914400 0.225900 -0.071600 -0.328100
1305031457.079400 0.686300 -0.136000 1.495900 0.919700 0.218600 -0.064300 -0.319800
1305031457.139400 0.666300 -0.148500 1.496400 0.922700 0.205300 -0.055500 -0.321400
1305031457.179400 0.652700 -0.158100 1.499500 0.924300 0.194400 -0.050900 -0.324400
1305031457.239400 0.631900 -0.175000 1.506500 0.927700 0.180100 -0.041400 -0.324400
1305031457.279400 0.617300 -0.187700 1.513500 0.926700 0.167700 -0.036500 -0.334400
1305031457.339400 0.595300 -0.207300 1.525200 0.928000 0.151300 -0.022100 -0.339700
1305031457.379400 0.580600 -0.220000 1.535000 0.927500 0.137900 -0.013000 -0.347100
1305031457.439400 0.557900 -0.238700 1.552000 0.928700 0.122100 -0.006600 -0.350200
1305031457.479400 0.542400 -0.250600 1.564400 0.929000 0.116400 -0.005500 -0.351300
1305031457.509400 0.530600 -0.259500 1.573800 0.928500 0.111900 -0.003900 -0.353900
1305031457.539400 0.519100 -0.268300 1.582900 0.927700 0.106800 -0.001500 -0.357800
1305031457.579400 0.503700 -0.279600 1.594300 0.927100 0.100100 0.002100 -0.361300
1305031457.639400 0.479800 -0.293400 1.610500 0.926900 0.092600 0.004100 -0.363800
1305031457.679400 0.463100 -0.301600 1.620100 0.929000 0.087700 0.005200 -0.359400
1305031457.709500 0.450000 -0.307500 1.627900 0.929700 0.087500 0.007000 -0.357700
1305031457.749400 0.432500 -0.314700 1.638600 0.928000 0.087700 0.010700 -0.362100
1305031457.769400 0.423700 -0.318200 1.644400 0.926700 0.086800 0.012500 -0.365500
1305031457.809400 0.406400 -0.324500 1.655900 0.922200 0.082500 0.018000 -0.377300
1305031457.839400 0.393300 -0.328000 1.663500 0.920700 0.077900 0.025200 -0.381700
1305031457.879400 0.375400 -0.332000 1.673600 0.917200 0.073200 0.032700 -0.390300
1305031457.909400 0.362000 -0.334700 1.681200 0.913200 0.069800 0.034300 -0.400100
1305031457.939400 0.348000 -0.336500 1.687200 0.911300 0.064500 0.033300 -0.405300
1305031457.979600 0.328900 -0.337900 1.693100 0.909800 0.061000 0.033100 -0.409100
1305031458.009800 0.313700 -0.337900 1.696400 0.906200 0.058700 0.034300 -0.417300
1305031458.049400 0.293000 -0.336600 1.698400 0.902000 0.052600 0.038400 -0.426700
1305031458.079400 0.276800 -0.334200 1.697700 0.902300 0.048700 0.041900 -0.426400
1305031458.109500 0.260000 -0.331000 1.695700 0.903100 0.046100 0.046500 -0.424500
1305031458.149700 0.236700 -0.325400 1.692500 0.901800 0.043400 0.050400 -0.427000
1305031458.179400 0.218400 -0.320000 1.688700 0.902300 0.039500 0.050000 -0.426400
1305031458.209400 0.199700 -0.314100 1.684200 0.905800 0.038300 0.049900 -0.419100
1305031458.249600 0.174200 -0.305700 1.678500 0.907100 0.041200 0.050300 -0.415800
1305031458.279400 0.154600 -0.298800 1.674600 0.903400 0.042200 0.047100 -0.424100
1305031458.309600 0.135800 -0.292000 1.669400 0.903700 0.041800 0.042800 -0.423900
1305031458.339400 0.117500 -0.285300 1.663600 0.902800 0.041400 0.038700 -0.426200
1305031458.379400 0.094900 -0.275600 1.654500 0.897200 0.038800 0.033700 -0.438500
1305031458.409400 0.080000 -0.268100 1.645500 0.895100 0.031400 0.030200 -0.443700
1305031458.439400 0.066700 -0.260500 1.634800 0.891300 0.021000 0.028900 -0.452100
1305031458.479400 0.051000 -0.250600 1.619200 0.878800 0.013200 0.035300 -0.475700
1305031458.509400 0.040700 -0.243400 1.605500 0.868500 0.010500 0.041400 -0.493800
1305031458.549400 0.029400 -0.233900 1.583800 -0.862500 -0.005700 -0.050200 0.503600
1305031458.579400 0.021800 -0.225600 1.567400 -0.857500 -0.007500 -0.056100 0.511300
1305031458.609400 0.015400 -0.216300 1.550200 -0.853200 -0.011900 -0.057800 0.518200
1305031458.639400 0.009900 -0.207200 1.532300 -0.856400 -0.013000 -0.057700 0.513000
1305031458.679400 0.003500 -0.194900 1.509100 -0.860500 -0.025100 -0.046900 0.506700
1305031458.749400 -0.003600 -0.174200 1.474100 -0.858000 -0.056800 -0.025600 0.509900
1305031458.769400 -0.005100 -0.169200 1.465800 -0.858600 -0.068300 -0.017300 0.507800
1305031458.809400 -0.008700 -0.158100 1.450700 -0.861200 -0.079800 -0.009000 0.501900
1305031458.839400 -0.012300 -0.150800 1.441900 0.862500 0.081300 0.004700 -0.499500
1305031458.879400 -0.019800 -0.142500 1.434000 -0.856400 -0.088600 -0.006900 0.508600
1305031458.909400 -0.027100 -0.137200 1.429600 -0.856700 -0.084600 -0.012300 0.508700
1305031458.939400 -0.036300 -0.131600 1.426100 -0.861200 -0.071100 -0.014000 0.503100
1305031458.979300 -0.052600 -0.124700 1.423900 -0.863100 -0.061200 -0.019200 0.500900
1305031459.009400 -0.067800 -0.119200 1.423800 -0.858400 -0.062800 -0.018300 0.508800
1305031459.069400 -0.102700 -0.108500 1.422600 -0.853600 -0.053400 0.002700 0.518100
1305031459.109400 -0.129200 -0.101400 1.421200 -0.848500 -0.056200 0.029200 0.525400
1305031459.149400 -0.155900 -0.095100 1.417600 -0.844400 -0.064000 0.056800 0.528900
1305031459.179300 -0.174700 -0.090300 1.413400 -0.842400 -0.065500 0.073500 0.529900
1305031459.239400 -0.207600 -0.082100 1.401000 -0.843300 -0.053400 0.095400 0.526200
1305031459.279400 -0.225800 -0.078300 1.390600 -0.845700 -0.033700 0.090900 0.524800
1305031459.309400 -0.237300 -0.077100 1.382000 -0.847700 -0.013500 0.080600 0.524100
1305031459.369400 -0.257000 -0.078100 1.363600 -0.842000 0.041000 0.056200 0.535000
1305031459.409400 -0.268800 -0.082000 1.349000 -0.850900 0.093700 0.036900 0.515600
1305031459.439300 -0.277200 -0.085200 1.338500 -0.845200 0.140700 0.018100 0.515300
1305031459.469700 -0.286500 -0.089700 1.327800 -0.837800 0.180600 0.006300 0.515200
1305031459.509500 -0.300400 -0.096000 1.313800 0.836500 -0.228200 0.001200 -0.498200
1305031459.549400 -0.315700 -0.100800 1.302100 0.830500 -0.263800 0.010800 -0.490400
1305031459.579400 -0.329400 -0.103400 1.294600 0.826000 -0.282200 0.011600 -0.487900
1305031459.609400 -0.344600 -0.103900 1.288800 0.824500 -0.293200 0.011000 -0.483800
1305031459.639300 -0.360500 -0.103200 1.285200 0.823300 -0.297300 0.015900 -0.483300
1305031459.679400 -0.382200 -0.101000 1.283200 0.821400 -0.308700 0.028300 -0.478700
1305031459.739300 -0.415900 -0.094100 1.288100 0.820800 -0.315300 0.045100 -0.474100
1305031459.779400 -0.438400 -0.087200 1.294400 0.820200 -0.314200 0.051900 -0.475200
1305031459.809400 -0.454900 -0.081100 1.299300 0.821500 -0.313000 0.053600 -0.473600
1305031459.849400 -0.476100 -0.070300 1.305000 0.823800 -0.311900 0.054000 -0.470300
1305031459.879400 -0.491400 -0.062000 1.309000 0.826900 -0.312000 0.051200 -0.465100
1305031459.939400 -0.519800 -0.044000 1.318700 0.827300 -0.315900 0.047400 -0.462100
1305031459.979400 -0.537700 -0.030900 1.325400 0.828000 -0.320600 0.045700 -0.457800
1305031460.009400 -0.550600 -0.020900 1.330600 0.827800 -0.323700 0.046000 -0.455900
1305031460.039400 -0.562400 -0.010400 1.335900 0.826700 -0.325900 0.047200 -0.456200
1305031460.079400 -0.576900 0.003600 1.342400 0.825500 -0.329900 0.042100 -0.456000
1305031460.109400 -0.586100 0.014100 1.347500 0.823800 -0.334100 0.032000 -0.456900
1305031460.139300 -0.594900 0.024700 1.352500 0.820500 -0.339500 0.021200 -0.459500
1305031460.179300 -0.604600 0.039100 1.358500 0.819900 -0.345000 0.009700 -0.456800
1305031460.239400 -0.617100 0.060100 1.368100 0.815600 -0.353600 0.012600 -0.457800
1305031460.279300 -0.624000 0.073100 1.374600 0.813000 -0.358000 0.023300 -0.458600
1305031460.339400 -0.632700 0.094000 1.384100 0.809100 -0.368900 0.036000 -0.456100
1305031460.379400 -0.638000 0.108200 1.389600 0.807500 -0.378400 0.046100 -0.450100
1305031460.409400 -0.641400 0.118900 1.393500 0.804200 -0.386600 0.054300 -0.448100
1305031460.439300 -0.644600 0.129200 1.397100 0.801200 -0.395300 0.062000 -0.445000
1305031460.479700 -0.648400 0.142500 1.401600 0.797100 -0.409500 0.076500 -0.437300
1305031460.509400 -0.651800 0.152600 1.404600 0.794200 -0.422700 0.083400 -0.428400
1305031460.539300 -0.655800 0.162300 1.407400 0.792400 -0.431400 0.090900 -0.421600
1305031460.579300 -0.661400 0.175400 1.410800 0.790300 -0.436700 0.103100 -0.417300
1305031460.609400 -0.666000 0.185300 1.413200 0.788100 -0.442100 0.110200 -0.413900
1305031460.639400 -0.670700 0.195300 1.415600 0.786400 -0.445000 0.118100 -0.411700
1305031460.679300 -0.677200 0.209500 1.418300 0.784900 -0.449000 0.125000 -0.408200
1305031460.709400 -0.682600 0.220900 1.419900 0.786000 -0.450700 0.127400 -0.403600
1305031460.739300 -0.687600 0.232300 1.421700 0.786300 -0.451200 0.133200 -0.400500
1305031460.779400 -0.693200 0.248300 1.423900 0.785600 -0.452800 0.140600 -0.397600
1305031460.809300 -0.697300 0.261200 1.425400 0.787500 -0.452000 0.143400 -0.393600
1305031460.839300 -0.700700 0.274200 1.427000 0.789700 -0.451600 0.148100 -0.387900
1305031460.879400 -0.704000 0.291900 1.429200 0.791700 -0.451300 0.157000 -0.380600
1305031460.939300 -0.706300 0.317800 1.433000 0.795300 -0.453300 0.160200 -0.369200
1305031460.979400 -0.706100 0.334300 1.436800 0.793100 -0.455200 0.164700 -0.369600
1305031461.039300 -0.704800 0.357900 1.441900 0.790000 -0.457400 0.167600 -0.372400
1305031461.079300 -0.703900 0.374200 1.444300 0.791800 -0.457400 0.164900 -0.369500
1305031461.109300 -0.702800 0.386300 1.445800 0.793100 -0.456000 0.166100 -0.368000
1305031461.139300 -0.701400 0.397200 1.447800 0.793200 -0.455200 0.167800 -0.368000
1305031461.179300 -0.699500 0.411100 1.449700 0.793000 -0.451600 0.170200 -0.371700
1305031461.209600 -0.697700 0.420000 1.450400 0.793100 -0.449700 0.173000 -0.372500
1305031461.249400 -0.696100 0.431500 1.450500 0.793600 -0.446700 0.174800 -0.374300
1305031461.279300 -0.694600 0.439200 1.450100 0.794400 -0.442200 0.177500 -0.376800
1305031461.309400 -0.691900 0.447900 1.449200 0.794800 -0.439800 0.180400 -0.377300
1305031461.349300 -0.686400 0.459500 1.447300 0.796200 -0.437600 0.186900 -0.373800
1305031461.379300 -0.682300 0.467600 1.445700 0.799300 -0.437800 0.187500 -0.366500
1305031461.409500 -0.677600 0.474800 1.445100 0.799400 -0.436800 0.189300 -0.366400
1305031461.449400 -0.671600 0.481700 1.444300 0.801300 -0.438100 0.188600 -0.361000
1305031461.479300 -0.667400 0.484900 1.444200 0.802400 -0.439000 0.188000 -0.357900
1305031461.509300 -0.663300 0.486900 1.445400 0.800400 -0.437400 0.190300 -0.362900
1305031461.549400 -0.658200 0.487100 1.446500 0.801400 -0.436000 0.191900 -0.361700
1305031461.579400 -0.653500 0.485600 1.447400 0.799500 -0.434500 0.200200 -0.363100
1305031461.609600 -0.648500 0.483500 1.447900 0.798700 -0.436600 0.204600 -0.360100
1305031461.649400 -0.641200 0.478800 1.447100 0.798800 -0.437300 0.208800 -0.356500
1305031461.679300 -0.635400 0.473800 1.446000 0.797200 -0.442100 0.208900 -0.354100
1305031461.709400 -0.630200 0.467900 1.444000 0.796000 -0.447800 0.206400 -0.351100
1305031461.749400 -0.624200 0.458300 1.441000 0.793700 -0.451200 0.207000 -0.351500
1305031461.779300 -0.620300 0.449800 1.437300 0.793000 -0.455600 0.206500 -0.347600
1305031461.809300 -0.616500 0.439900 1.433000 0.790800 -0.460100 0.208300 -0.345700
1305031461.849400 -0.611400 0.425300 1.426200 0.785700 -0.468700 0.209900 -0.344900
1305031461.879300 -0.607900 0.413600 1.419700 0.782600 -0.478800 0.206700 -0.339800
1305031461.909400 -0.605400 0.402500 1.412600 0.781400 -0.487400 0.200600 -0.334000
1305031461.949400 -0.602900 0.387100 1.403700 0.779000 -0.492700 0.202800 -0.330500
1305031461.979300 -0.601300 0.375400 1.396700 0.776400 -0.500700 0.206200 -0.322400
1305031462.009300 -0.600400 0.364100 1.389300 0.776100 -0.508900 0.201600 -0.313000
1305031462.049400 -0.599900 0.350800 1.379900 0.773500 -0.519400 0.190400 -0.309400
1305031462.079300 -0.600400 0.341600 1.373600 0.770700 -0.527400 0.180900 -0.308300
1305031462.109300 -0.601800 0.332900 1.367700 0.769000 -0.533700 0.174800 -0.305400
1305031462.149300 -0.605300 0.322800 1.360500 0.767400 -0.540500 0.168700 -0.300900
1305031462.179300 -0.608200 0.316600 1.355000 0.767900 -0.540000 0.169700 -0.300000
1305031462.209300 -0.612100 0.310300 1.349400 0.768900 -0.540900 0.170500 -0.295200
1305031462.249300 -0.617100 0.303000 1.341700 0.772500 -0.539000 0.170500 -0.289200
1305031462.279300 -0.621700 0.297300 1.335400 0.777700 -0.533700 0.169600 -0.285600
1305031462.309300 -0.626700 0.291600 1.329200 0.782800 -0.529000 0.169400 -0.280500
1305031462.349400 -0.633400 0.283700 1.320400 0.790400 -0.520600 0.171200 -0.273700
1305031462.379400 -0.638800 0.278100 1.313100 0.796900 -0.514700 0.168700 -0.267700
1305031462.409300 -0.644800 0.271900 1.305900 0.803600 -0.508200 0.165500 -0.262000
1305031462.449400 -0.653400 0.263000 1.297000 0.813300 -0.497700 0.159300 -0.256000
1305031462.479300 -0.659900 0.255800 1.290800 0.820500 -0.490500 0.154800 -0.249300
1305031462.519300 -0.668600 0.245800 1.284300 0.828200 -0.480700 0.148300 -0.246900
1305031462.549300 -0.674900 0.237600 1.280700 0.834300 -0.471600 0.144100 -0.246600
1305031462.579400 -0.681000 0.228900 1.278200 0.839400 -0.461800 0.145100 -0.247200
1305031462.619300 -0.687600 0.217000 1.276000 0.845800 -0.448600 0.146700 -0.248800
1305031462.649300 -0.692000 0.206800 1.275300 0.849700 -0.438400 0.149300 -0.252000
1305031462.679300 -0.696300 0.195900 1.275100 0.853800 -0.428100 0.149600 -0.255800
1305031462.719300 -0.701000 0.180700 1.274500 0.861300 -0.412000 0.146100 -0.258900
1305031462.749300 -0.703700 0.168100 1.274100 0.866800 -0.400200 0.142900 -0.261000
1305031462.779300 -0.705300 0.154000 1.273800 0.870800 -0.390800 0.140700 -0.262900
1305031462.819300 -0.705700 0.134000 1.273700 0.875700 -0.381100 0.135400 -0.263700
1305031462.849400 -0.704800 0.117800 1.274000 0.879000 -0.375200 0.132300 -0.262800
1305031462.879300 -0.702800 0.100800 1.275000 0.880500 -0.371200 0.132200 -0.263500
1305031462.919300 -0.698600 0.078300 1.276700 0.881400 -0.366900 0.131300 -0.266800
1305031462.949400 -0.695000 0.061900 1.278500 0.882900 -0.362600 0.128600 -0.269400
1305031462.979400 -0.690900 0.045600 1.281200 0.883700 -0.356600 0.126100 -0.275800
1305031463.019300 -0.685500 0.024900 1.285800 0.884900 -0.346400 0.123700 -0.285700
1305031463.049300 -0.681000 0.009800 1.289400 0.887500 -0.337300 0.119400 -0.290500
1305031463.079300 -0.676100 -0.005300 1.293100 0.890400 -0.328300 0.117300 -0.292700
1305031463.119400 -0.668900 -0.024700 1.298800 0.892300 -0.315600 0.118600 -0.300200
1305031463.149300 -0.662900 -0.038900 1.302700 0.893600 -0.307000 0.118300 -0.305300
1305031463.179400 -0.656000 -0.052500 1.306000 0.895600 -0.300000 0.118400 -0.306500
1305031463.219400 -0.645600 -0.070000 1.310000 0.897700 -0.292500 0.117600 -0.307700
1305031463.249300 -0.637100 -0.082600 1.313100 0.896800 -0.289000 0.116900 -0.314000
1305031463.279300 -0.627700 -0.094500 1.315500 0.897300 -0.283200 0.116900 -0.317600
1305031463.319300 -0.614700 -0.109800 1.318200 0.899900 -0.276200 0.112800 -0.318200
1305031463.349300 -0.604100 -0.120600 1.320500 0.899600 -0.271700 0.108600 -0.324200
1305031463.379300 -0.592900 -0.130900 1.321900 0.899600 -0.267000 0.104500 -0.329400
1305031463.419300 -0.577000 -0.144600 1.324300 0.901500 -0.261400 0.101300 -0.329800
1305031463.449400 -0.564200 -0.154900 1.326000 0.901800 -0.259700 0.100000 -0.330600
1305031463.479300 -0.550800 -0.165300 1.328000 0.902400 -0.258900 0.101000 -0.329400
1305031463.519300 -0.532400 -0.179000 1.332000 0.901500 -0.257200 0.105200 -0.331800
1305031463.549400 -0.518800 -0.189400 1.335600 0.900200 -0.257500 0.105500 -0.335100
1305031463.579300 -0.505200 -0.199500 1.339800 0.901300 -0.256700 0.101600 -0.333700
1305031463.619300 -0.486300 -0.212800 1.347500 0.902100 -0.253400 0.098300 -0.335100
1305031463.649400 -0.471300 -0.222200 1.354800 0.899100 -0.251100 0.099400 -0.344500
1305031463.679300 -0.456300 -0.231600 1.362700 0.899000 -0.248500 0.097900 -0.347100
1305031463.719300 -0.435300 -0.243200 1.375000 0.900200 -0.243800 0.098100 -0.347300
1305031463.749400 -0.419000 -0.251300 1.386400 0.898700 -0.239400 0.101300 -0.353300
1305031463.779400 -0.402900 -0.258600 1.398700 0.898400 -0.231700 0.104700 -0.358200
1305031463.819300 -0.382000 -0.268100 1.416100 0.900800 -0.220300 0.108300 -0.358100
1305031463.849300 -0.366600 -0.274900 1.430300 0.901200 -0.211700 0.112100 -0.361100
1305031463.879300 -0.351400 -0.281500 1.444800 0.901600 -0.204200 0.115200 -0.363600
1305031463.919300 -0.332400 -0.289200 1.464100 0.902900 -0.196000 0.114600 -0.365000
1305031463.949400 -0.319100 -0.295000 1.479000 0.903800 -0.188800 0.112200 -0.367400
1305031463.979300 -0.306900 -0.300900 1.493900 0.903800 -0.181800 0.111200 -0.371100
1305031464.019300 -0.291900 -0.308200 1.513600 0.905100 -0.171300 0.110800 -0.373200
1305031464.049400 -0.281600 -0.313600 1.528700 0.905600 -0.164100 0.112800 -0.374400
1305031464.079300 -0.271700 -0.318700 1.543900 0.904700 -0.155800 0.116600 -0.379100
1305031464.119300 -0.259800 -0.325900 1.563900 0.904900 -0.148500 0.116500 -0.381600
1305031464.149400 -0.251700 -0.331300 1.578500 0.904300 -0.145300 0.112300 -0.385300
1305031464.179400 -0.243800 -0.336800 1.592800 0.902200 -0.139700 0.106400 -0.393900
1305031464.209300 -0.235900 -0.342100 1.606000 0.900300 -0.132000 0.098500 -0.402800
1305031464.249300 -0.225600 -0.349300 1.621200 0.899900 -0.123000 0.082400 -0.410100
1305031464.279400 -0.217100 -0.354500 1.631200 0.901600 -0.113100 0.068300 -0.411900
1305031464.319300 -0.204100 -0.361000 1.644300 0.902900 -0.100200 0.054900 -0.414300
1305031464.349300 -0.192700 -0.366000 1.654500 0.903000 -0.092200 0.047700 -0.417000
1305031464.379300 -0.180700 -0.370600 1.665000 0.901700 -0.084100 0.043800 -0.421800
1305031464.419300 -0.163600 -0.377600 1.679500 0.901700 -0.072900 0.045700 -0.423800
1305031464.439300 -0.154600 -0.381000 1.687200 0.901400 -0.066800 0.046500 -0.425200
1305031464.489300 -0.131800 -0.389600 1.708300 0.899200 -0.055600 0.045100 -0.431600
1305031464.509500 -0.122800 -0.393400 1.717400 0.899700 -0.051800 0.046100 -0.431100
1305031464.549400 -0.105900 -0.401700 1.735700 0.901300 -0.037900 0.048600 -0.428800
1305031464.579300 -0.093700 -0.408000 1.750900 0.900700 -0.029700 0.054200 -0.429900
1305031464.619500 -0.077400 -0.416300 1.771700 0.894500 -0.025500 0.068200 -0.441100
1305031464.649300 -0.065600 -0.421100 1.786600 0.889500 -0.019400 0.080300 -0.449300
1305031464.679400 -0.054200 -0.424100 1.801200 0.883200 -0.009400 0.093000 -0.459600
1305031464.719300 -0.039400 -0.425400 1.819500 0.872500 0.006400 0.104100 -0.477400
1305031464.749300 -0.029200 -0.424400 1.830900 0.866200 0.022100 0.108100 -0.487300
1305031464.779300 -0.018900 -0.422300 1.840300 0.863100 0.040000 0.109300 -0.491500
1305031464.819300 -0.006000 -0.417000 1.850800 -0.857800 -0.062500 -0.101700 0.500000
1305031464.849300 0.003400 -0.411400 1.856900 -0.855500 -0.081100 -0.091500 0.503200
1305031464.879500 0.013000 -0.404000 1.861600 -0.855400 -0.103700 -0.084100 0.500500
1305031464.919300 0.026400 -0.391700 1.866100 0.854500 0.133400 0.079200 -0.495700
1305031464.949300 0.037000 -0.381200 1.867900 0.850800 0.148900 0.078500 -0.497800
1305031464.979300 0.048600 -0.370500 1.867300 -0.845600 -0.164500 -0.080900 0.501400
1305031465.019300 0.063900 -0.355500 1.862400 -0.838300 -0.187200 -0.088800 0.504400
1305031465.049300 0.075400 -0.344300 1.855500 -0.831000 -0.206300 -0.090000 0.508700
1305031465.079300 0.086900 -0.333600 1.844800 -0.828800 -0.225900 -0.086200 0.504500
1305031465.119300 0.104300 -0.319100 1.825400 0.833600 0.252300 0.082600 -0.484300
1305031465.149300 0.118500 -0.308500 1.809200 0.838600 0.265100 0.078100 -0.469500
1305031465.179300 0.133800 -0.298800 1.792700 0.841900 0.275300 0.072100 -0.458500
1305031465.219300 0.155800 -0.285800 1.770800 0.845300 0.287100 0.065200 -0.446000
1305031465.249300 0.174000 -0.276900 1.754900 0.849100 0.292200 0.058600 -0.436100
1305031465.279300 0.193400 -0.268600 1.740300 0.852800 0.290100 0.047100 -0.431700
1305031465.319300 0.220700 -0.258100 1.721500 0.860100 0.283900 0.026500 -0.423000
1305031465.349300 0.241600 -0.251400 1.709300 0.864500 0.280200 0.007500 -0.417200
1305031465.379300 0.263300 -0.245300 1.698300 0.865800 0.277200 -0.013600 -0.416400
1305031465.419300 0.293400 -0.238600 1.685700 0.866500 0.272100 -0.036700 -0.416800
1305031465.449300 0.316300 -0.235100 1.677100 0.867400 0.265300 -0.052500 -0.417800
1305031465.479300 0.339500 -0.232500 1.668900 0.869700 0.259900 -0.066600 -0.414200
1305031465.519300 0.370100 -0.230900 1.659400 0.870600 0.260000 -0.080000 -0.410100
1305031465.549300 0.393700 -0.230500 1.653400 0.867200 0.259000 -0.092400 -0.415100
1305031465.579400 0.418100 -0.230800 1.647100 0.866500 0.253600 -0.102000 -0.417700
1305031465.619300 0.451500 -0.232400 1.638100 0.865700 0.245500 -0.113600 -0.421200
1305031465.649300 0.476600 -0.234800 1.630800 0.864400 0.242200 -0.126900 -0.422000
1305031465.689300 0.510500 -0.237900 1.620200 0.861500 0.237400 -0.141500 -0.426000
1305031465.719300 0.536600 -0.240300 1.611500 0.859400 0.230500 -0.149800 -0.431200
1305031465.749300 0.562800 -0.243000 1.601800 0.857400 0.223600 -0.159700 -0.435200
1305031465.789300 0.597400 -0.246000 1.587600 0.854600 0.217900 -0.169900 -0.439800
1305031465.819300 0.623600 -0.248800 1.576600 0.850800 0.214300 -0.177500 -0.445700
1305031465.849300 0.649900 -0.251200 1.565000 0.846200 0.209600 -0.184800 -0.453700
1305031465.889300 0.684300 -0.254900 1.548000 0.846100 0.203400 -0.184800 -0.456700
1305031465.909300 0.701600 -0.256700 1.539400 0.845200 0.200900 -0.182500 -0.460500
1305031465.949300 0.735000 -0.260500 1.522700 0.839200 0.196400 -0.179900 -0.474100
1305031465.979300 0.758800 -0.263700 1.510000 0.835800 0.195200 -0.176100 -0.482000
1305031466.019300 0.789100 -0.268900 1.492800 0.831200 0.195700 -0.176300 -0.489600
1305031466.049300 0.811000 -0.273800 1.480200 0.833100 0.194900 -0.176500 -0.486700
1305031466.079300 0.832000 -0.279400 1.468600 0.834600 0.195400 -0.177100 -0.483600
1305031466.119300 0.859200 -0.288900 1.455700 0.836400 0.199300 -0.181600 -0.477200
1305031466.149300 0.879000 -0.297200 1.448300 0.838000 0.200600 -0.185900 -0.472200
1305031466.179200 0.898200 -0.305200 1.442500 0.838500 0.203000 -0.194100 -0.466900
1305031466.219300 0.923600 -0.316700 1.438100 0.842200 0.212900 -0.199900 -0.453300
1305031466.249300 0.943100 -0.325100 1.438100 0.841900 0.220500 -0.199000 -0.450600
1305031466.289300 0.969300 -0.334500 1.440300 0.838200 0.229000 -0.189900 -0.457200
1305031466.319300 0.989600 -0.340400 1.442900 0.839100 0.234500 -0.176900 -0.458000
1305031466.349300 1.008500 -0.345200 1.444500 0.840600 0.234800 -0.169200 -0.457900
1305031466.389300 1.034500 -0.350900 1.448200 0.839200 0.239600 -0.164300 -0.459700
1305031466.419300 1.054000 -0.354700 1.450800 0.835300 0.243700 -0.166900 -0.463700
1305031466.449300 1.073300 -0.357100 1.451900 0.833900 0.249300 -0.169700 -0.462200
1305031466.479400 1.092900 -0.358300 1.451700 0.834700 0.253000 -0.172800 -0.457600
1305031466.519300 1.120300 -0.357800 1.450400 0.836900 0.253200 -0.171200 -0.454000
1305031466.549500 1.140700 -0.355900 1.448200 0.836500 0.252800 -0.169000 -0.455900
1305031466.589300 1.168100 -0.351400 1.444400 0.840300 0.257700 -0.166500 -0.446900
1305031466.619300 1.189000 -0.347800 1.442200 0.842000 0.261200 -0.163200 -0.442900
1305031466.649300 1.209800 -0.343600 1.440700 0.837800 0.264200 -0.160900 -0.449900
1305031466.689300 1.236000 -0.338200 1.437900 0.834800 0.273400 -0.159200 -0.450600
1305031466.719300 1.255400 -0.334000 1.435600 0.835700 0.282600 -0.156400 -0.444200
1305031466.749300 1.274400 -0.329600 1.434400 0.831800 0.289200 -0.155000 -0.447700
1305031466.789300 1.299100 -0.323800 1.433400 0.825200 0.296200 -0.155800 -0.455000
1305031466.819600 1.316600 -0.319400 1.432300 0.825300 0.301200 -0.158200 -0.450800
1305031466.849300 1.333500 -0.315500 1.431900 0.825600 0.302900 -0.163000 -0.447300
1305031466.879300 1.349600 -0.311600 1.432400 0.821700 0.307200 -0.172200 -0.448200
1305031466.919300 1.370600 -0.305800 1.433200 0.816800 0.316500 -0.186900 -0.444800
1305031466.949300 1.385900 -0.301100 1.434100 0.813700 0.320200 -0.196500 -0.443500
1305031466.979200 1.401400 -0.296200 1.435200 0.811600 0.324000 -0.200500 -0.442900
1305031467.019300 1.421600 -0.289600 1.436800 0.809300 0.331000 -0.202100 -0.441100
1305031467.049300 1.436700 -0.284400 1.437400 0.808100 0.333900 -0.203500 -0.440500
1305031467.079200 1.451100 -0.278900 1.437500 0.807000 0.338400 -0.202800 -0.439400
1305031467.119300 1.469400 -0.272400 1.437300 0.802000 0.350200 -0.201900 -0.439800
1305031467.149300 1.482600 -0.267600 1.437300 0.797700 0.357000 -0.202100 -0.442000
1305031467.179400 1.495400 -0.262900 1.437100 0.794600 0.362300 -0.204500 -0.442100
1305031467.219300 1.512600 -0.257300 1.437400 0.790700 0.372100 -0.208000 -0.439500
1305031467.249300 1.525200 -0.253000 1.437700 0.786700 0.377000 -0.211700 -0.440700
1305031467.289200 1.542900 -0.248000 1.437900 0.781700 0.385900 -0.214100 -0.440700
1305031467.319200 1.556400 -0.244100 1.438400 0.778100 0.392100 -0.216000 -0.440700
1305031467.349300 1.569300 -0.239900 1.438200 0.775800 0.396100 -0.221400 -0.438400
1305031467.379300 1.582900 -0.236300 1.437900 0.775500 0.402800 -0.224100 -0.431400
1305031467.419300 1.601800 -0.231300 1.438700 0.772700 0.410000 -0.228000 -0.427700
1305031467.449300 1.615100 -0.227500 1.439100 0.768500 0.412700 -0.235600 -0.428400
1305031467.509200 1.642900 -0.218900 1.439300 0.764800 0.426700 -0.239600 -0.419100
1305031467.519300 1.647500 -0.217500 1.439400 0.764400 0.428800 -0.239400 -0.417700
1305031467.549300 1.660600 -0.211800 1.440600 0.763200 0.431700 -0.238200 -0.417700
1305031467.589200 1.676200 -0.202200 1.442300 0.762700 0.431800 -0.240600 -0.417100
1305031467.619200 1.686600 -0.194100 1.444000 0.761900 0.432100 -0.245200 -0.415500
1305031467.649300 1.694500 -0.185100 1.445600 0.757900 0.429100 -0.255500 -0.419700
1305031467.689300 1.703500 -0.171100 1.447600 0.754200 0.432400 -0.260000 -0.420200
1305031467.719300 1.708500 -0.159500 1.448700 0.749500 0.436100 -0.261600 -0.423900
1305031467.749300 1.712200 -0.147000 1.449900 0.745600 0.436700 -0.263500 -0.428900
1305031467.789300 1.714700 -0.128900 1.450000 0.741000 0.441000 -0.266900 -0.430300
1305031467.819200 1.715600 -0.114200 1.450000 0.738300 0.441800 -0.269700 -0.432400
1305031467.849300 1.714900 -0.098500 1.449700 0.734500 0.439800 -0.276200 -0.436900
1305031467.889200 1.712500 -0.077100 1.448400 0.728400 0.441600 -0.286500 -0.438700
1305031467.919300 1.709300 -0.060800 1.447100 0.723600 0.445900 -0.292300 -0.438400
1305031467.949300 1.706000 -0.043700 1.446000 0.719700 0.447600 -0.296600 -0.440100
1305031467.989500 1.699900 -0.019900 1.443700 0.716300 0.450300 -0.299700 -0.440800
1305031468.019200 1.694900 -0.001500 1.441900 0.715700 0.453400 -0.299100 -0.439100
1305031468.049400 1.689400 0.016500 1.441200 0.712100 0.456900 -0.300200 -0.440400
1305031468.089200 1.681500 0.041400 1.440700 0.708000 0.459900 -0.304700 -0.441000
1305031468.119200 1.676000 0.060300 1.441000 0.709100 0.462400 -0.304400 -0.436600
1305031468.149300 1.670100 0.079600 1.442300 0.705900 0.465100 -0.306400 -0.437600
1305031468.189300 1.662700 0.105700 1.445300 0.704100 0.469600 -0.306000 -0.436000
1305031468.219200 1.657900 0.126100 1.449100 0.706000 0.470300 -0.304600 -0.433000
1305031468.249300 1.652500 0.147000 1.454300 0.707200 0.469500 -0.305000 -0.431800
1305031468.289300 1.646200 0.174300 1.462600 0.708900 0.470100 -0.303100 -0.429700
1305031468.319200 1.641500 0.194300 1.470200 0.709500 0.468100 -0.303000 -0.431000
1305031468.349300 1.637300 0.213800 1.478600 0.711000 0.464200 -0.303600 -0.432200
1305031468.389200 1.630700 0.238400 1.490100 0.713700 0.464900 -0.302000 -0.428200
1305031468.419200 1.625600 0.255300 1.499600 0.715500 0.466400 -0.300700 -0.424400
1305031468.449300 1.620100 0.271800 1.510300 0.716800 0.465800 -0.302200 -0.421700
1305031468.489300 1.611500 0.291600 1.525000 0.720300 0.466700 -0.298900 -0.417100
1305031468.519300 1.604200 0.304400 1.536600 0.719100 0.470400 -0.295500 -0.417500
1305031468.549300 1.596500 0.316000 1.549000 0.713300 0.476200 -0.293400 -0.422300
1305031468.589300 1.585200 0.330100 1.565000 0.709300 0.482300 -0.291200 -0.423700
1305031468.619200 1.576100 0.339500 1.576100 0.711600 0.485400 -0.289100 -0.417600
1305031468.659200 1.563900 0.351100 1.591100 0.709400 0.489500 -0.291600 -0.414800
1305031468.689300 1.553900 0.358800 1.602200 0.703900 0.492700 -0.295900 -0.417400
1305031468.719200 1.544200 0.365700 1.613100 0.700600 0.494700 -0.300300 -0.417500
1305031468.759300 1.531300 0.374500 1.626700 0.698700 0.496200 -0.304200 -0.416000
1305031468.789200 1.521300 0.380300 1.636600 0.694200 0.499300 -0.305100 -0.419100
1305031468.819200 1.511500 0.385800 1.646300 0.687600 0.503000 -0.305900 -0.425000
1305031468.859200 1.498300 0.392600 1.657900 0.685800 0.506400 -0.302600 -0.426200
1305031468.889200 1.489100 0.397400 1.665500 0.688500 0.507100 -0.296100 -0.425600
1305031468.919200 1.480100 0.402600 1.672100 0.693100 0.504600 -0.291600 -0.424300
1305031468.959200 1.468100 0.409200 1.679300 0.701300 0.501500 -0.285000 -0.418800
1305031468.989200 1.458700 0.414200 1.682300 0.707100 0.507000 -0.277100 -0.407700
1305031469.019200 1.449800 0.419300 1.684000 0.713600 0.514000 -0.267000 -0.394000
1305031469.059200 1.437400 0.426200 1.685400 0.716100 0.522800 -0.259500 -0.382800
1305031469.089200 1.428600 0.431500 1.685200 0.716900 0.532000 -0.250800 -0.374400
1305031469.119200 1.419900 0.437400 1.683500 0.719200 0.539300 -0.238500 -0.367600
1305031469.159300 1.409400 0.445400 1.680300 0.724300 0.545000 -0.220200 -0.360400
1305031469.189300 1.400400 0.451700 1.676800 0.726200 0.546500 -0.211700 -0.359300
1305031469.219200 1.391500 0.458000 1.673000 0.726800 0.547800 -0.206900 -0.359000
1305031469.259300 1.381000 0.465500 1.666500 0.727800 0.552900 -0.200600 -0.352500
1305031469.289200 1.373300 0.470900 1.660900 0.730400 0.553500 -0.193000 -0.350600
1305031469.319200 1.365300 0.475500 1.653600 0.731800 0.554500 -0.189100 -0.348200
1305031469.359200 1.355600 0.481300 1.642300 0.734800 0.557900 -0.177600 -0.342500
1305031469.389200 1.348800 0.485300 1.633300 0.735900 0.557800 -0.165800 -0.346200
1305031469.419200 1.342600 0.489200 1.623800 0.735400 0.559000 -0.154200 -0.350500
1305031469.459200 1.334800 0.494100 1.609800 0.734200 0.562600 -0.140300 -0.353300
1305031469.489300 1.329500 0.497500 1.598600 0.733700 0.563300 -0.135900 -0.354700
1305031469.519200 1.324200 0.500500 1.586500 0.734700 0.564600 -0.135100 -0.350900
1305031469.559200 1.318100 0.504300 1.569000 0.736800 0.566700 -0.133400 -0.343700
1305031469.589200 1.313800 0.506800 1.554800 0.738900 0.567200 -0.133400 -0.338300
1305031469.619300 1.309800 0.508600 1.540100 0.743000 0.566800 -0.130300 -0.331300
1305031469.659200 1.304400 0.510100 1.520600 0.746800 0.564600 -0.125200 -0.328300
1305031469.689300 1.300300 0.510100 1.505700 0.749500 0.563600 -0.121300 -0.325400
1305031469.719200 1.296000 0.509400 1.490400 0.752900 0.561300 -0.116800 -0.323100
1305031469.759500 1.290400 0.506500 1.470200 0.758300 0.557800 -0.111300 -0.318500
1305031469.789200 1.285900 0.502900 1.454700 0.761600 0.556300 -0.110400 -0.313400
1305031469.819500 1.281600 0.498000 1.439600 0.763900 0.555700 -0.110700 -0.308900
1305031469.859200 1.276100 0.489700 1.419500 0.767900 0.555000 -0.110300 -0.300300
1305031469.889200 1.271800 0.482300 1.404700 0.770300 0.553000 -0.111200 -0.297300
1305031469.919200 1.267600 0.473500 1.390600 0.773100 0.551400 -0.111500 -0.292800
1305031469.949300 1.263100 0.463900 1.376700 0.774000 0.550600 -0.114500 -0.291000
1305031469.989200 1.256700 0.449800 1.359100 0.775500 0.548900 -0.116700 -0.289100
1305031470.029200 1.250800 0.434000 1.342900 0.776600 0.548900 -0.117300 -0.285900
1305031470.059200 1.246300 0.421600 1.331700 0.777400 0.548600 -0.116600 -0.284800
1305031470.089200 1.241900 0.408700 1.321300 0.778800 0.546700 -0.117000 -0.284500
1305031470.129200 1.236500 0.390600 1.308700 0.782200 0.544700 -0.115300 -0.279600
1305031470.159200 1.232300 0.376900 1.300100 0.784100 0.542800 -0.116100 -0.277700
1305031470.189200 1.228000 0.362900 1.292100 0.786100 0.540500 -0.117700 -0.276000
1305031470.229200 1.222000 0.344200 1.282000 0.789800 0.537200 -0.117300 -0.271700
1305031470.249200 1.219000 0.334900 1.277200 0.791700 0.536100 -0.116400 -0.268700
1305031470.289200 1.212400 0.316300 1.267700 0.795500 0.533800 -0.114100 -0.263200
1305031470.329200 1.205700 0.297900 1.259000 0.799800 0.531100 -0.112500 -0.255900
1305031470.359200 1.200500 0.284000 1.253500 0.803100 0.528300 -0.113200 -0.251100
1305031470.389200 1.195200 0.270300 1.248400 0.805300 0.526000 -0.114500 -0.248300
1305031470.419200 1.190000 0.256700 1.244200 0.805400 0.526900 -0.114100 -0.246100
1305031470.459200 1.182400 0.239600 1.239300 0.804600 0.527300 -0.116400 -0.247100
1305031470.489200 1.176800 0.227300 1.236300 0.805300 0.526000 -0.117900 -0.246700
1305031470.529200 1.169300 0.211900 1.232200 0.805200 0.526200 -0.117800 -0.246600
1305031470.559200 1.163500 0.201200 1.229200 0.806400 0.525300 -0.116500 -0.245500
1305031470.589200 1.157600 0.191000 1.226400 0.808500 0.522000 -0.117400 -0.245300
1305031470.629200 1.149900 0.178400 1.222700 0.812000 0.518000 -0.117000 -0.241900
1305031470.659200 1.143700 0.169500 1.220000 0.814300 0.514800 -0.117900 -0.240800
1305031470.689200 1.137500 0.160900 1.217400 0.816500 0.513200 -0.117900 -0.236800
1305031470.729200 1.129300 0.150500 1.214900 0.818200 0.509800 -0.118800 -0.237700
1305031470.759200 1.123800 0.143100 1.213500 0.822100 0.505400 -0.114900 -0.235800
1305031470.789200 1.118100 0.136200 1.212100 0.824800 0.501400 -0.112400 -0.236000
1305031470.819200 1.112200 0.129400 1.211900 0.826200 0.497300 -0.114200 -0.238800
1305031470.859200 1.104200 0.120100 1.212300 0.827400 0.492400 -0.117600 -0.243100
1305031470.889200 1.098100 0.113600 1.212900 0.828200 0.489100 -0.121300 -0.245300
1305031470.929200 1.090100 0.104300 1.215300 0.828800 0.484800 -0.127100 -0.248800
1305031470.959200 1.084000 0.098000 1.218200 0.826800 0.482500 -0.132800 -0.256700
1305031470.989100 1.077800 0.091900 1.220900 0.826600 0.479300 -0.134800 -0.262200
1305031471.029200 1.069700 0.084500 1.225000 0.826000 0.474200 -0.136700 -0.272300
1305031471.059200 1.064100 0.079600 1.228700 0.826300 0.469200 -0.137700 -0.279600
1305031471.089200 1.058200 0.074800 1.231900 0.827300 0.464000 -0.140400 -0.284000
1305031471.119200 1.053000 0.070100 1.235100 0.828600 0.458400 -0.144300 -0.287300
1305031471.159200 1.046100 0.064500 1.238600 0.830100 0.451100 -0.147500 -0.292700
1305031471.189200 1.040900 0.060700 1.240400 0.832600 0.445100 -0.147100 -0.295000
1305031471.229200 1.033700 0.055300 1.242200 0.836200 0.439600 -0.144700 -0.294300
1305031471.259200 1.028500 0.051400 1.243500 0.838300 0.436500 -0.143400 -0.293700
1305031471.289200 1.023800 0.047700 1.245100 0.839900 0.431300 -0.143500 -0.296600
1305031471.329200 1.018400 0.043400 1.247500 0.841600 0.424900 -0.140500 -0.302300
1305031471.359200 1.015300 0.040400 1.249100 0.844900 0.420100 -0.133800 -0.303100
1305031471.389200 1.012000 0.037500 1.251500 0.846500 0.414300 -0.131300 -0.307400
1305031471.429300 1.007900 0.033400 1.254800 0.848600 0.407200 -0.134100 -0.310100
1305031471.459300 1.004500 0.030300 1.256800 0.850300 0.404000 -0.135100 -0.309000
1305031471.489200 1.001600 0.027000 1.258800 0.852500 0.400200 -0.135000 -0.307900
1305031471.529200 0.997800 0.022300 1.261500 0.854700 0.395300 -0.135800 -0.307900
1305031471.559200 0.995700 0.018500 1.263500 0.856400 0.392400 -0.133700 -0.307800
1305031471.589200 0.994100 0.015000 1.265600 0.858000 0.388800 -0.130200 -0.309300
1305031471.629100 0.992400 0.010500 1.268600 0.859800 0.384400 -0.125500 -0.311700
1305031471.659200 0.991600 0.007500 1.270600 0.861200 0.379800 -0.123400 -0.314500
1305031471.689200 0.991000 0.004900 1.272600 0.862900 0.374700 -0.122100 -0.316500
1305031471.729200 0.990500 0.001500 1.274200 0.866600 0.368200 -0.119100 -0.315100
1305031471.749200 0.990300 0.000100 1.274700 0.868500 0.363900 -0.118300 -0.315000
1305031471.789200 0.990500 -0.002500 1.275500 0.872500 0.352800 -0.114900 -0.317900
1305031471.819200 0.990200 -0.004900 1.275000 0.876400 0.347200 -0.111700 -0.314400
1305031471.859100 0.989400 -0.008500 1.273500 0.880800 0.338600 -0.110100 -0.312200
1305031471.889500 0.988300 -0.011200 1.272000 0.884300 0.332500 -0.107600 -0.309700
1305031471.929200 0.986600 -0.015600 1.269600 0.888800 0.326700 -0.100500 -0.305200
1305031471.959200 0.985000 -0.018600 1.268400 0.889700 0.322100 -0.095800 -0.309000
1305031471.989200 0.983100 -0.021900 1.266500 0.892100 0.317100 -0.089700 -0.309200
1305031472.029200 0.980300 -0.026600 1.263100 0.896500 0.312900 -0.082200 -0.302700
1305031472.059200 0.978200 -0.029800 1.261400 0.897200 0.308000 -0.080300 -0.306200
1305031472.089200 0.976100 -0.032900 1.259500 0.899500 0.301900 -0.077400 -0.306200
1305031472.129100 0.972100 -0.037100 1.256200 0.902600 0.299400 -0.074000 -0.300200
1305031472.159200 0.969400 -0.040000 1.255000 0.903800 0.296600 -0.073300 -0.299600
1305031472.189200 0.966800 -0.042500 1.254600 0.904000 0.291600 -0.075000 -0.303700
1305031472.229200 0.963800 -0.045400 1.254400 0.904400 0.288500 -0.074800 -0.305400
1305031472.259100 0.962100 -0.047300 1.254900 0.903700 0.286200 -0.074800 -0.309500
1305031472.289200 0.960800 -0.048400 1.256100 0.902300 0.282800 -0.075600 -0.316500
1305031472.329200 0.959300 -0.049500 1.257800 0.901400 0.281300 -0.076300 -0.320300
1305031472.359100 0.958200 -0.049700 1.258800 0.902300 0.280700 -0.076100 -0.318100
1305031472.389200 0.956900 -0.049500 1.260200 0.902500 0.280100 -0.078300 -0.317700
1305031472.429100 0.954900 -0.048400 1.262400 0.901500 0.280200 -0.082000 -0.319600
1305031472.459200 0.953800 -0.047300 1.264200 0.901400 0.280800 -0.082300 -0.319300
1305031472.489200 0.953100 -0.045700 1.266000 0.901900 0.280400 -0.079600 -0.318700
1305031472.529100 0.952800 -0.043500 1.269100 0.901900 0.278800 -0.079100 -0.320400
1305031472.559200 0.952700 -0.041600 1.271900 0.900100 0.277500 -0.082700 -0.325400
1305031472.589200 0.952800 -0.039300 1.274200 0.900200 0.275900 -0.085100 -0.326100
1305031472.629100 0.952900 -0.035700 1.276500 0.900900 0.274700 -0.086700 -0.324700
1305031472.659200 0.953100 -0.032700 1.278300 0.901000 0.273500 -0.088300 -0.324900
1305031472.689200 0.953100 -0.029900 1.280100 0.900800 0.273000 -0.089800 -0.325400
1305031472.729200 0.952900 -0.026100 1.282300 0.899700 0.273200 -0.091600 -0.328000
1305031472.759200 0.952500 -0.023300 1.283600 0.899000 0.273900 -0.091400 -0.329300
1305031472.789200 0.952100 -0.020500 1.284800 0.898200 0.274700 -0.090000 -0.331100
1305031472.829200 0.951400 -0.017200 1.286400 0.897400 0.274200 -0.090400 -0.333600
1305031472.859200 0.950800 -0.014800 1.287100 0.897300 0.273900 -0.091700 -0.333900
1305031472.889200 0.950300 -0.012700 1.287400 0.898000 0.272500 -0.093200 -0.332700
1305031472.929100 0.949500 -0.010200 1.287600 0.898500 0.271100 -0.095000 -0.331800
1305031472.959100 0.949000 -0.008900 1.287600 0.898900 0.270100 -0.095200 -0.331500
1305031472.989200 0.948400 -0.007600 1.287300 0.899100 0.270100 -0.096000 -0.330900
1305031473.029200 0.947700 -0.006700 1.287000 0.899400 0.270900 -0.096900 -0.329000
1305031473.059200 0.947100 -0.006000 1.287000 0.899200 0.271900 -0.096500 -0.328900
1305031473.089200 0.946600 -0.005400 1.287200 0.898800 0.272800 -0.094900 -0.329800
1305031473.119200 0.946000 -0.004900 1.287300 0.898700 0.273900 -0.093300 -0.329600
1305031473.159200 0.945500 -0.004300 1.287900 0.897900 0.274300 -0.094700 -0.331000
1305031473.189200 0.945400 -0.003800 1.288600 0.897700 0.274400 -0.095100 -0.331300
